joint_names: [arm_right_1_joint, arm_right_2_joint, arm_right_3_joint, arm_right_4_joint, arm_right_5_joint, arm_right_6_joint, arm_right_7_joint]
action_name: /arm_right/joint_trajectory_controller/follow_joint_trajectory
service_ns: /arm_right/driver
default_vel: 0.3

# single positions
home: [[0,0,0,0,0,0,0]]
folded: [[0.9599, 1.5708, -0.1200, 1.0000, 1.3800, 0.7500, -1.3600]]
side: [[0.9599, 1.6581, -1.0472, -1.6581, -1.0472, -0.6981, 1.0700]]
ship: [[1.57, 1.45, -1.57, -2.55, 0.0, 2.4, 0.0]]

hello1: [[1.69,1.19,-0.48,-2.09,-0.34,0.16,0.12]]
hello2 : [[1.69, 1.19, -0.48, -2.61, -0.34, -0.38, -0.5]]
arm_to_tray : [[-1.06, -1.2, 1.4, -1.9, 1.84, 1.12, 0.64]]

hello: [hello1, hello2, hello1, hello2, side]

wave1: [[1.5, 0, 0, 0, 0, 0, 0]]
wave2: [[1.5, 0.3, 0, -1, 0, 0.7, 0]]
wave3: [[1.5, -0.3, 0, 1, 0, -0.7, 0]]

wave_demo: [home,wave1,wave2,wave3,wave2,wave1,home,side]

door_open1: [[0.9600009017669611, 1.1602425268482706, -1.0500075312923085, -1.6599826515718068, -1.0499900779997886, -0.6999817498048457, -0.00013962634015954637]]
door_open2: [[2.085598642963144, 1.0844079708491168, -1.6379565964116385, -1.815404221461902, -1.0499900779997886, -0.6999992030973657, -0.00013962634015954637]]
door_open3: [[2.9799577115625984, 0.7499854328744833, -2.8139943529904574, -1.7135817129005526, -0.3995756789515818, 0.6479883913879347, -6.981317007977319e-05]]
door_open4: [[3.109984740836176, 0.7499854328744833, -2.9300063883705207, -1.7199870712553715, -0.15554374293773465, 0.7699694528098184, -0.00010471975511965977]]
door_open5: [[3.056242370097633, 0.7500028861670033, -2.9300063883705207, -1.7199870712553715, -0.21998129892136528, 0.7699869061023383, -0.00010471975511965977]]
door_open6: [[3.006242370097633, 0.7500028861670033, -2.929988935078001, -1.7200045245478919, -0.21879447503000915, 0.7699519995172985, -0.00012217304763960306]]
door_open7: [[3.0499628678600907, 0.7699694528098184, -2.9300063883705207, -1.6499819149578794, -0.21998129892136528, 0.7699869061023383, -0.00012217304763960306]]
door_open8: [[3.1000014575147685, 0.9411513458454223, -2.9300063883705207, -1.4045886221274766, -0.27878144142105427, 0.7700043593948582, 0.0006806784082777885]]
door_open9: [[3.1499353274143265, 1.0100045848365986, -2.9300063883705207, -1.0299886047719335, -0.2799857186049304, 0.7699869061023383, -0.00010471975511965977]]

door_open: [door_open1,door_open2,door_open3,door_open4,door_open5,door_open6,door_open7,door_open8,door_open9]

back_to_side: [door_open1]
